0 0.5754234167473956 0.5550776127756512 0.01687092718066008 0.03762728001504737
0 0.6389194517727856 0.5706193153905584 0.024232786314037892 0.043625831901503806
0 0.7182128095218845 0.6316954800526623 0.02392604218348055 0.04035389450889085
0 0.7453596650762188 0.6611429165861779 0.03588906327522053 0.047988415091653386
0 0.6939800232078462 0.6256969281662061 0.026379995227939892 0.03817260291381575
0 0.85337630559355 0.8051081618611318 0.05030603741143214 0.0850703722079292
0 0.8375789828698353 0.6840464783344651 0.030367668925186848 0.03162872812858947
0 0.8260760779739357 0.7456679658953349 0.026379995227941787 0.061076164662103395
0 0.7785307377375319 0.7140392377667462 0.023926042183482744 0.035991311318738915
0 0.7826717835000606 0.7028601183419858 0.04386441066971652 0.04744309219288376
