0 0.8246945876250177 0.6192499495985301 0.021893833510859675 0.033596151539474234
0 0.7767586153064964 0.5940528359439241 0.011292608863496008 0.02335342241158545
0 0.750716476498844 0.6512072644775421 0.02742490723992105 0.02540196823716396
0 0.7308967956363809 0.6632936848484509 0.026503061618411605 0.020895167420892934
0 0.7836724574678258 0.6975044001355981 0.01636275978180218 0.02294371324647074
0 0.6557663774833205 0.5151838216591826 0.020050142267841693 0.03441556986970563
0 0.6391731562961427 0.5282945149428799 0.014058145728027684 0.030318478218550663
0 0.5343132168493829 0.45290802856162016 0.021893833510863065 0.03605440653016806
0 0.4693231005329305 0.3891982533861534 0.020050142267842973 0.02745051406274064
0 0.45526495480490253 0.38059436091872684 0.011292608863497025 0.026631095732509862
0 0.4528587122669211 0.33668863739839494 0.012306462463731495 0.01806219813798327
0 0.44734942383839005 0.3316006942609346 0.016456316085222637 0.020606169706713223
0 0.41622552167720855 0.305524985681452 0.009444494448910394 0.017807800981109984
0 0.400842443597544 0.2840284259256826 0.01273575766595457 0.01958858107921943
0 0.46638151113695164 0.32117041082914144 0.0133081512689187 0.021114964020459412
0 0.45593532788285374 0.3144288861720075 0.013594348070401163 0.01526382941238008
0 0.44591843983097945 0.3012002340146113 0.009301396048169288 0.020351772549840205
0 0.2035812981759859 0.22717066136456712 0.023468137721534374 0.030018864511014515
0 0.10534424606724548 0.1756552370977834 0.01760110329115085 0.031799644609125294
