0 0.7915936128056598 0.6943290869136483 0.02699348348905497 0.05218740141217106
0 0.7863109764715985 0.643928672996045 0.024889831780768878 0.04342917150224751
0 0.7699482166897961 0.6465917825692961 0.02719444583454324 0.039741789016207715
0 0.7255843961546278 0.6140199039426106 0.02327660194312664 0.03441556986970656
0 0.7456345384224677 0.6412655634227944 0.020050142267842012 0.030728187383665593
0 0.7006945643738602 0.6400364359274471 0.028807675672186398 0.047116553988287214
0 0.7216665522632124 0.6533519837937023 0.013136300106516986 0.023763131576701412
0 0.7537006876106804 0.6166830135158619 0.021432910700106757 0.028269932392970945
0 0.651030131515009 0.6482306192297584 0.020280603673219277 0.04793597231851758
0 0.6234899935723986 0.7518870380039899 0.037104286265776276 0.04875539064874957
0 0.5888055520630886 0.8162113769271283 0.05254520042606839 0.0856292155091483
0 0.57991830282044 0.5974205899435213 0.031338549762292854 0.03968595647218899
0 0.5540890414866781 0.5461595628336083 0.027761089743767252 0.03332602755036042
0 0.5589543871118738 0.4971881101355594 0.020319972905231312 0.029510070197267882
0 0.5586681903103919 0.5066008049398589 0.018030398493373984 0.0361243962759674
0 0.5521572130766734 0.505201620577059 0.007584215239276298 0.016535815196745907
0 0.5322665353736654 0.5181758755775807 0.028190384945989307 0.03739638206033177
0 0.49885305880062697 0.5085087836164077 0.026330105736356305 0.036378793432838924
0 0.549724540264076 0.5209742443031823 0.008442805643722535 0.018570992451729558
0 0.5106586768617646 0.5038024362142584 0.01931828410004364 0.0432475166684106
0 0.5093707912550954 0.4806522949388129 0.024183629725240675 0.021369361177332583
0 0.5025736172198947 0.47518275606604393 0.022609547317088596 0.027220495785410196
