0 0.18935643564356433 0.314002828854314 0.05410183875530411 0.059405940594059424
0 0.3495403111739746 0.3415841584158416 0.03925035360678926 0.03536067892503532
0 0.32991513437058 0.39250353606789246 0.06577086280056588 0.03818953323903831
0 0.43387553041018395 0.384016973125884 0.03818953323903819 0.0608203677510609
0 0.5130385529698189 0.22630834512022638 0.019891776662908218 0.028288543140028287
0 0.4969357620531828 0.29012068857417034 0.040647512212850574 0.038256482082682834
0 0.4726269557298113 0.2848072882849088 0.019128241041341455 0.042507202314092114
0 0.4495136644715238 0.2725864676196073 0.01753422095456294 0.04569524248764903
0 0.4331749585820446 0.2794938879956474 0.037459472039293625 0.04250720231409204
0 0.5630875956544886 0.4511167173387942 0.08687409472942596 0.0818263644546272
0 0.6499616903839147 0.30712356949980746 0.042241532299628466 0.04463256242979678
0 0.7364372800916454 0.3443173715246376 0.019128241041341656 0.036131121966978194
0 0.7204970792238611 0.2773685278799428 0.03825648208268286 0.040381842198387516
0 0.7643326316102681 0.30393552932625023 0.025504321388455223 0.03188040173556905
0 0.7798743274563583 0.356006852161013 0.03427143186573666 0.03825648208268297
0 0.8663499171640894 0.40754683496684974 0.05419668295046748 0.06057276329758118
0 0.8432366259058015 0.38523055375195137 0.060572763297580955 0.06057276329758113
