0 0.3813791860515395 0.8959276141690121 0.038203787203781286 0.1361284371629007
0 0.030958241354788144 0.8752887865991515 0.06191648270957629 0.06323385468212045
0 0.5588950593518652 0.6058058526149698 0.037545101217509 0.0418775103283656
0 0.5956937914776206 0.7920526072176061 0.07003974080558513 0.06676464865240013
0 0.5485875632402517 0.9583120924494938 0.05103951924426517 0.06444725167267457
0 0.6332590835759497 0.9630442333065781 0.04934946893816933 0.07391153338684373
0 0.6733132758305564 0.790659102084214 0.06388390157064254 0.04461732808108209
0 0.7475064842684179 0.7602381965743855 0.07977037444799459 0.09013601632541937
0 0.8179815820328526 0.9360034284089523 0.06523594181551931 0.10365641877423247
0 0.8705421465526123 0.8364031303693643 0.057461710407453875 0.062193851264539225
0 0.9148214645724795 0.830093609226585 0.03920916710155772 0.05318024963199726
0 0.9651849636943066 0.8165732067777722 0.06895405248894546 0.08382649518263921
0 0.7895887368903497 0.7162968886157424 0.054419619856471695 0.05633501020338709
0 0.8262628285327547 0.6660460595143216 0.05475762991769242 0.044166647999455494
0 0.8463744271753637 0.7077339670648278 0.06726400218284426 0.06805269232569168
0 0.9138074343888176 0.7025511461261158 0.08855863603972358 0.08833329599890974
0 0.9785363611125092 0.7149448483708614 0.04292727777498037 0.0761649337949781
0 0.9699171045513911 0.7742092791048246 0.060165790897217276 0.06670065208080923
