0 0.5887861726556938 0.815839358316677 0.0526372928036571 0.08397972641039261
0 0.7006729955831159 0.6402487650137394 0.028139337596592377 0.046870728489217785
0 0.6514925316755589 0.6654868495848573 0.029153367780252758 0.047772088652471976
0 0.6469293958490848 0.6488116865646545 0.034223518698557685 0.03785712685667756
0 0.640591707201203 0.6240242820751649 0.03473053379038763 0.029744885387388176
0 0.7437692783887055 0.6420514853402483 0.025604262137439923 0.03785712685667577
0 0.7299531171363263 0.6188414611364531 0.024336724407863216 0.03199828579552301
0 0.7376338365060766 0.6012032814948642 0.0166223102300826 0.02585692702457133
0 0.7866350218718372 0.6459911729481397 0.018007502749256124 0.04032449333594012
0 0.7732159693423459 0.6492232888262124 0.03099368261650657 0.041247955015389
0 0.5547812690551379 0.5490734880942341 0.02919207375117725 0.035869999119093325
0 0.5586449258751469 0.49908444676868546 0.020606169706713636 0.03205404176599813
0 0.549486628227719 0.5198178150538351 0.013451249669660124 0.023150141275443098
0 0.5365362229606511 0.497685262405887 0.016456316085222432 0.016535815196744956
0 0.5254460969032213 0.512821893239816 0.024040531324498963 0.04426510529590105
0 0.5056985176009529 0.5107867159848452 0.025757712133391904 0.03765077921720439
0 0.5044821811946537 0.4758071069148078 0.025328416931168656 0.027220495785411233
0 0.5111362568291107 0.4800046600032121 0.01917518569930224 0.020351772549839917
