0 0.2590282641014988 0.33315923091718874 0.04941462269013244 0.05632204306617205
0 0.3494889040261759 0.3395353112643024 0.034271431865736696 0.035068441909125864
0 0.3303606629848344 0.38948127398336063 0.06296379342774895 0.030817721677716747
0 0.4303854234301817 0.37672911328913306 0.03825648208268315 0.04569524248764912
0 0.5630875956544886 0.4511167173387939 0.08368605455586879 0.08820244480174115
0 0.4273596032142123 0.30803939783648315 0.021676585226059954 0.047988415091653094
0 0.5122254793351041 0.2259683015717807 0.019631624355676322 0.02344888464705779
0 0.45005866887546264 0.25786969114975467 0.016359686963063568 0.014178395367988615
0 0.47132626192744603 0.2832272059425034 0.014723718266755637 0.0408992174076592
0 0.49422982367573437 0.2881351120314223 0.042535186103965256 0.037627280015046394
0 0.44924068452730964 0.2813185757968123 0.035173326970586824 0.03817260291381501
0 0.6574177011322935 0.3055854447920235 0.03680929566689311 0.04198986320519668
0 0.6175409641598262 0.30149552305125754 0.040490225233582464 0.046897769294115675
0 0.6498513459118764 0.3184005329130899 0.027402475663131406 0.031628728128589585
0 0.7010267207500135 0.2780466384041997 0.009815812177838126 0.03162872812858954
0 0.7175909038001155 0.2818638986955813 0.03149239740389696 0.03271937392612715
0 0.7588991133818515 0.30040487725371995 0.03721828784096933 0.03162872812858967
0 0.8760753712547944 0.36557096365659036 0.06625673220040701 0.055077612775648016
0 0.9535793882423078 0.43864423209160724 0.06911967741894455 0.07143729973871102
