0 0.25929858400353006 0.332070539938646 0.03959044245061383 0.05542661943085927
0 0.32907673882273714 0.3904664425533011 0.062354946859716855 0.031012513252980014
0 0.35085148217057466 0.3422980709050549 0.042559725634409844 0.023094424762858168
0 0.42978492680648595 0.37529010628056575 0.03909556191998081 0.04420932740318531
0 0.563650110342623 0.448862345167956 0.08215016808502341 0.08709897339134921
0 0.42643346499673207 0.308316274468278 0.018805460164041627 0.04618884952571609
0 0.5113054760002353 0.22550626567574406 0.01732081857214361 0.02309442476285806
0 0.45686861763064124 0.2588282214050107 0.017320818572143536 0.013196814150204617
0 0.4501877304671001 0.2806029647528482 0.035631398205552375 0.036951079620572855
0 0.47468431673341754 0.2835722479366444 0.016331057510878183 0.04156996457314449
0 0.49918090299973494 0.2901706550117467 0.03959044245061392 0.040250283158124095
0 0.6600170754553534 0.2964391417330939 0.035631398205552445 0.023754265470368238
0 0.6189419914128416 0.30105802668566484 0.037610920328083254 0.050147893770777226
0 0.6607593962513028 0.31986348684970706 0.014351535388347518 0.031012513252980854
0 0.6469027413935877 0.3142548408358701 0.023259384939735853 0.02507394688538879
0 0.7045563232122943 0.3267918142785643 0.05344709730832855 0.05410693801583892
0 0.7592406218472044 0.29973834527064497 0.0390955619199814 0.03167235396049116
0 0.7163715494047659 0.2805114992302822 0.03457842926283889 0.03371087010570682
0 0.7011272956437292 0.2785285068711229 0.013757009491666992 0.028753389207808695
0 0.8320047913482378 0.36181418595581005 0.04052740634031636 0.0376768548240252
0 0.9367921185517999 0.4284923040325391 0.043130083811712766 0.0629600074033056
0 0.9691396814105849 0.45327970852202965 0.0617206371788301 0.06296000740330562
