0 0.3488975169465219 0.704570796275426 0.05439595915218625 0.06707471654856091
0 0.43744432263410366 0.6489478606010097 0.04171720175581262 0.06707471654856088
0 0.4842739265658737 0.6808492501789839 0.02903844435943802 0.08288908061285509
0 0.49265826613444297 0.8079094855921112 0.07361859133378632 0.055622935674415425
0 0.38959223826714223 0.7912771371796627 0.07607254437824558 0.08452504930916147
0 0.44092075611375475 0.7195671759915679 0.04294417827804169 0.05671358147195389
0 0.42445032196988824 0.7683069045763219 0.06788135940209755 0.06071144901257645
0 0.4845513788278049 0.6284304738921737 0.015437282019339353 0.030527658824760325
0 0.48593899968347576 0.6058816349875212 0.01925323937243393 0.039084654101398095
0 0.5038913445037169 0.6122415639093475 0.022201933690735243 0.05226705223026938
0 0.5038913445037188 0.5870331183646579 0.04891363516240019 0.06013023707907318
0 0.4850717366486778 0.5589337960373233 0.03937374177966252 0.025670985829908424
0 0.5072736703394156 0.5412416301275175 0.030007301003884 0.0453289479519172
0 0.5371075187363408 0.5921210615021181 0.02445681758120011 0.05550483422683654
0 0.5284348883883959 0.5678376965278773 0.04076136263533336 0.040241004814457124
0 0.5366738872189434 0.5457513979084476 0.038159573530950466 0.017807800981110566
0 0.5602634417653495 0.5848360520098463 0.0228957441185702 0.027983687256028136
0 0.562951957173211 0.5663344406009003 0.03208873228739028 0.03122146925259526
0 0.5929592581770957 0.5781292178741031 0.043189699132757935 0.055273564084225894
0 0.41725881679372456 0.5494839674918615 0.03226630338062551 0.036746685159638075
0 0.3903455508461745 0.5495113060393707 0.03911356286922458 0.04986184274710877
0 0.3786114819854054 0.56083197952022 0.015263829412381615 0.020097375392965924
0 0.35571573786683425 0.5636303482458233 0.029001275883521707 0.030273261667886114
0 0.36744980672760247 0.5897060568253056 0.059338136840626984 0.0381595735309491
