0 0.4509610880594777 0.4509209391108094 0.02732811344966308 0.03916409909339464
0 0.47814977235888734 0.48116157258798753 0.019798939335980422 0.03618961055465583
0 0.7950722308848265 0.6350913544677229 0.020077797636487246 0.033710870105706385
0 0.8249100690390497 0.7052397091729794 0.015616064828379022 0.03618961055465587
0 0.804413983951803 0.6943332511976036 0.015894923128885578 0.0262746487588598
0 0.763979530378322 0.6950768733322886 0.015894923128885664 0.03668535864444513
0 0.7310742509185236 0.7030088427689255 0.0376458705684134 0.041642839542343386
0 0.6787883195735049 0.6990428580506068 0.036251579065879544 0.059489770774776636
0 0.6808797568273057 0.6207146598638176 0.020914372538007382 0.036685358644445616
0 0.7139244654373579 0.6016283584069101 0.018962364434460137 0.029249137297598583
0 0.6362624287462233 0.5659344959420445 0.024818388745102084 0.028257641118019147
0 0.637796149399011 0.6155093049210254 0.022308664040540455 0.04610457235045104
0 0.6260841007777264 0.6425275758145693 0.03178984625777138 0.0366853586444458
0 0.6304064044355814 0.7575411326458038 0.0326264211592919 0.08526867144384667
0 0.7116935990333033 0.6529382857001551 0.03290527945979852 0.040651343362764374
0 0.7104387366810233 0.6318689918840888 0.030395554755237558 0.02429165639970012
