0 0.6596363314947006 0.4008503820420391 0.026491538548142634 0.03123212965675775
0 0.6946330482082996 0.4139877064214691 0.026770396848649437 0.028753389207808445
0 0.7197302952539083 0.4987606297755255 0.0323475628587849 0.041642839542343706
0 0.7575155949725754 0.5180948052773283 0.030953271356250325 0.05155780133814012
0 0.7329760645279798 0.4095259736133609 0.03151098795726483 0.029744885387388148
0 0.8689194860250277 0.4682721222534525 0.03011669645473063 0.031232129656757764
0 0.8855115549051805 0.43927085900074936 0.019798939335980374 0.02974488538738833
0 0.7430320760830155 0.442245347539488 0.032626421159291506 0.034702366285285925
0 0.770360189532679 0.4541433016944431 0.03262642115929156 0.032719373926127115
0 0.8049386187955175 0.4581092864127615 0.0359727207653728 0.03866835100360475
