0 0.43954779905849617 0.9231285575750546 0.07076791588047115 0.05872582296841074
0 0.5392662259809808 0.9379749734940362 0.0663139911047779 0.06466438933600177
0 0.5489163963283178 0.8782593894643611 0.05493173890022638 0.05740614155338948
0 0.5372867038584506 0.7918202567805214 0.07126279641110467 0.07588168136367626
0 0.5348123012052871 0.6169624692903098 0.03860068138934828 0.04552900881820557
0 0.5954351662077884 0.7281456285057843 0.057901022084022834 0.040910123865634376
0 0.6409641750259945 0.7561888585749689 0.06482934951288047 0.07192263711861493
0 0.7127218519677324 0.7802730443990886 0.04305460616504073 0.038270761035593036
0 0.8218430089722366 0.9633788407331787 0.048498292002003625 0.07324231853363522
0 0.8277815753398275 0.8940955664445994 0.04354948669567142 0.10623435390914622
0 0.7691382324598562 0.6704095665986377 0.046023889348839456 0.04288964598816438
0 0.7065358453348235 0.7274857877982731 0.06631399110477866 0.06598407075102301
0 0.7617150245003671 0.7159385754168456 0.06581911057414538 0.06004550438343087
0 0.8223378895028693 0.6588623542172103 0.07126279641110464 0.06466438933600223
0 0.9027559757306726 0.679317416150022 0.08264504861565991 0.08445961056130952
0 0.9495221858754616 0.7683959116639065 0.09996586718780062 0.08973833622139038
0 0.8366894248912157 0.7185779382468833 0.07621160171743047 0.06136518579845096
0 0.7773037612152949 0.7720250355552151 0.08313992914628894 0.05212741589330896
0 0.8149146815433785 0.8162343629583982 0.09204777869767716 0.08116040702375887
0 0.923293517751926 0.8340500620611713 0.10491467249412362 0.0824800884387809
