0 0.07039777796293295 0.21834072278592231 0.018097903702889127 0.05126035248426584
0 0.12653195385494476 0.14063220971137036 0.01932488022511887 0.03217405102735834
0 0.13512078951055315 0.1725335992893443 0.01134953283062531 0.02617549914090169
0 0.1550591579967869 0.16080915696581538 0.0168709271806593 0.02672082203967049
0 0.20119256622802387 0.19013564652263643 0.013433574909212103 0.018192174702573723
0 0.17861322164724708 0.18260052614081476 0.02451272379336051 0.028478720040629072
0 0.19264353066055237 0.1841295849349431 0.0076333481988096 0.01930436727586276
0 0.22757366657491843 0.46248159454305093 0.050919525672535396 0.05616825857318495
0 0.3099344656295916 0.5641843151634296 0.034662086752990914 0.0730732684350174
0 0.20058018308586348 0.6195345893884614 0.06871068524486698 0.08888763249931209
0 0.44965641709850646 0.49356499977287105 0.022085577400135694 0.06053084176333513
0 0.4867724568959567 0.5254663893508451 0.015950694788987082 0.04253518610396483
0 0.5030298958155012 0.5001088745580965 0.030060924794629285 0.038717925812582404
0 0.5289497748476051 0.5374634931237577 0.029140692402956844 0.03708195711627784
0 0.5516817964898248 0.5391557968302689 0.02332269422420218 0.027942165060879917
0 0.543696308793495 0.6518258172370426 0.02408321686194724 0.0639965715910482
0 0.5150499561050723 0.6606140788287711 0.02408321686194803 0.0599404508564038
0 0.731038385224858 0.6558819379716874 0.03270247342306619 0.0459693683259648
0 0.7760151853900926 0.7069413810923768 0.017999035759982154 0.022534004081353486
