0 0.4774625783501253 0.4579116948563123 0.020741526483974326 0.04283323089844267
0 0.49935641186098695 0.4795145417442228 0.014246705059699638 0.045812933917465146
0 0.6153204008395703 0.5419020737049982 0.01529425690232483 0.026072401416443472
0 0.6248531226074577 0.5635049205929087 0.014246705059699676 0.031286881699732164
0 0.7533877336975404 0.5910671735188631 0.018646422798724357 0.020857921133154555
0 0.6839350465315054 0.6024272912788851 0.018436912430199563 0.02942456731284338
0 0.6447566076173321 0.5933019507831296 0.021370057589549213 0.022347772642666075
0 0.6395188484042071 0.6171395749353067 0.021789078326599223 0.04618539679484313
0 0.8325826529999872 0.7091379056476148 0.02870292048792292 0.04693032254959846
0 0.7842905130549757 0.6655597489944163 0.015084746533799487 0.021602846887910546
0 0.7597777999375515 0.6949843163072597 0.024303202748899907 0.035756436228265354
0 0.7039432867256398 0.68492781861806 0.030798024173175266 0.046185396794843105
0 0.6800591047137919 0.7888449614064558 0.03205508638432374 0.07374764972079745
0 0.63511913066518 0.766683420202479 0.035197741912196864 0.08380414740999642
0 0.623281794843518 0.7879138042130114 0.04211158407352264 0.06741578080537601
