0 0.19080426586474006 0.31213477264264 0.05203619291549499 0.06411210266381713
0 0.32814029400247047 0.39205533897698663 0.06323385468212063 0.03600816724954095
0 0.34921824556317715 0.3419952040203078 0.0342516712861486 0.02722568743257956
0 0.4315539938471883 0.374929503333912 0.03556904325869328 0.04215590312141357
0 0.564279220081014 0.44958058177808224 0.08365312025655515 0.087824798169612
0 0.4341887377922765 0.3112565246609436 0.03556904325869283 0.0535731268834632
0 0.5125723701586549 0.22562734644557217 0.018443207615618604 0.02634743945088349
0 0.9463170921188254 0.44475021787875363 0.0849704922291 0.07465107844417031
0 0.7579329000450079 0.30027842488974216 0.03754510121750929 0.03864291119462912
0 0.8262913326001059 0.35728683246030024 0.041390008016550725 0.03899058726196818
0 0.6998718515930337 0.27630638199313595 0.017995655659369822 0.03059261462092886
0 0.7169677244694337 0.2817050786909471 0.03509152853577126 0.034191745752802906
0 0.470427241936067 0.28050536831365547 0.025193917923117967 0.03779087688467688
0 0.4540062061468921 0.2589105815224116 0.019345329833822783 0.014996379716141569
0 0.45153180349372823 0.28140515109662395 0.03689109410170791 0.039590442450613675
0 0.4983205082080906 0.28740370298308077 0.04139000801655096 0.03719102169603119
0 0.6571321694020265 0.3194959555756236 0.022494569574212288 0.026993483489054965
0 0.6769273906273363 0.32609436265072594 0.0251939179231178 0.031792324998220205
0 0.6506087442255079 0.30659906901974177 0.04094011662506618 0.0419898632051963
0 0.7072950595525225 0.32699414543369426 0.04183989940803536 0.04798841509165282
