0 0.03728924798317186 0.5452707764193248 0.06804607296199246 0.05153355925654929
0 0.09907508223266111 0.5960785108976124 0.0381058008587158 0.03556541413480127
0 0.19515613725499442 0.6403538223715489 0.03429522077284415 0.032662115021756255
0 0.23543941244849415 0.5913606498389141 0.03429522077284428 0.04354948669567513
0 0.2675571588865542 0.5884573507258696 0.04300511811197966 0.04500113625219765
0 0.34240783914474626 0.6283777135302381 0.033750852189148015 0.05951763181742273
0 0.16412712798432538 0.6868066081802681 0.047360066781546764 0.07040500349134071
0 0.05661433270437687 0.7307190072650749 0.08056655038699785 0.05371103359133279
0 0.2005998230919534 0.7183799860346339 0.09744197648157323 0.06822752915655787
0 0.3105622769985334 0.7855187780237992 0.06369112429242495 0.07330830260438614
0 0.551717559575835 0.7688248081237906 0.05280375261850612 0.07621160171743116
0 0.45590868884534896 0.6969681550759268 0.0549812269532897 0.051533559256549025
0 0.4752337735665557 0.7895108143042355 0.04572696103045893 0.09726052028700778
0 0.4914652043019385 0.5790216286084733 0.03681781014033594 0.043549486695675016
0 0.47577407081906464 0.5917220254089673 0.031603940724099625 0.05701103032582737
0 0.4434265079602796 0.5647037545154222 0.03011669645473093 0.04858331279940083
