0 0.19191204834769182 0.3122669409798123 0.05207663623505207 0.05529124341005542
0 0.34910633920534906 0.3418413269898421 0.04050405040504052 0.03214607175003231
0 0.32885431400282855 0.39198919891989226 0.06557798637006548 0.039861128970040044
0 0.43357346360373855 0.3820425135783945 0.03985050216946128 0.06057276329758123
0 0.5626890906327939 0.4516480573677203 0.08607708468603655 0.08076368439677495
0 0.513274467942662 0.22742256516088452 0.020722261128119826 0.027629681504159863
0 0.45429572473185914 0.2736491476774597 0.02231628121489834 0.045695242487648995
0 0.43402665787287403 0.2810879080824254 0.03597483044739568 0.04144452225623966
0 0.42958841338679316 0.3076549095287333 0.01753422095456301 0.04356988237194436
0 0.4718497719102631 0.28159272581411365 0.019300340694674248 0.03893060174310357
0 0.4980784400337948 0.288521053242971 0.04107508404251183 0.03827076103559343
0 0.6485221213461264 0.306666672699502 0.04305460616504265 0.044209327403185304
0 0.7212695593491293 0.2792832833378276 0.03711603979745058 0.038270761035593084
0 0.7378480571253234 0.3446075133813401 0.025733787592900216 0.03431171679053204
0 0.7633344044529065 0.30138794703942046 0.028208190246062206 0.032332194668001184
0 0.7789231411678361 0.35846416823905486 0.03464163714428699 0.03827076103559304
0 0.8258020532172984 0.35318544257897355 0.041569964573144436 0.031672353960490875
0 0.8740529049539831 0.3891467611382802 0.048993172532634334 0.06268486721347216
0 0.8502986394836158 0.4089419823635865 0.047013650410104815 0.07192263711861491
