0 0.5559765889548661 0.5561301556208292 0.03226459675284885 0.04138062567666975
0 0.5897391848426692 0.5196660399255459 0.013136300106517533 0.03482527903482109
0 0.5482561318747204 0.45206402768148174 0.02097198788935175 0.02908935072320341
0 0.5827101119786555 0.4459183902047485 0.011983993079629612 0.03400586070459
0 0.761202470443522 0.4547271372547328 0.022815679132371824 0.027040804897625847
0 0.7497946308773361 0.53216216946157 0.025811677402279343 0.03031847821855028
0 0.7455310948778535 0.5194611853429881 0.02419844756463661 0.025401968237163574
0 0.7057765024502274 0.5090136016325438 0.02857721426680896 0.02990876905343831
0 0.7219088008266606 0.5108572928755618 0.0027655368645299917 0.0008194183302310165
0 0.6709768302382347 0.5286796415580879 0.0198196808624647 0.026631095732510265
0 0.6034516384626293 0.46722326679075693 0.024428908970014054 0.028269932392972513
0 0.6229256272170278 0.49836116333953784 0.01359722291727195 0.03646411569528325
0 0.6134767095965507 0.5012291274953466 0.010370763241987149 0.015978657439506137
0 0.6079456358674907 0.49262523502792027 0.017745528214066796 0.02663109573251006
0 0.6350248509993459 0.5081941833023108 0.013827684322649598 0.03728353402551428
0 0.6465479212682207 0.5010242729127888 0.013366761511894618 0.033596151539474296
0 0.6713225223463006 0.5024582549906933 0.01544091416029204 0.03728353402551428
0 0.6878005128307915 0.5047116553988286 0.014749529944159576 0.03605440653016767
