0 0.8088955272997481 0.3461132375826027 0.010754865584283095 0.012700984118581787
0 0.7915341014279772 0.3418112913488895 0.019666039925546004 0.0213048765860082
0 0.7465173069109069 0.32849574348263444 0.0064529193505696815 0.0118815657883507
0 0.7365306460112158 0.3282908889000767 0.012291274953466314 0.018846621595314878
0 0.6826026771528825 0.4063404848545872 0.018129630556362596 0.03400586070458992
0 0.46856392919171574 0.4856378088088144 0.02576650696682511 0.03980857161012026
0 0.41007804829876265 0.5268096876658566 0.025766506966824934 0.047988415091653074
0 0.37899464306894204 0.5409880830338449 0.04049022523358255 0.042535186103965
0 0.4059881265579968 0.5816146389921194 0.029856428707590924 0.049624383787959275
0 0.3886059591597417 0.563891644782133 0.01881364000752306 0.03162872812858964
0 0.47388082745471055 0.6080627995824048 0.03640030349281645 0.047988415091653545
0 0.4726538509324811 0.649507339888833 0.02413053827051836 0.07198262263747972
0 0.41846238786733253 0.632329668577617 0.04171720175581194 0.048533737990419816
0 0.4550671874471874 0.7070389057089392 0.03640030349281645 0.09543150728453753
0 0.4080330874283797 0.7195813323806213 0.06502975567817763 0.04962438378795952
0 0.33093806261494285 0.7419395712301428 0.04253518610396544 0.08016246611901172
0 0.37572270567632915 0.8166488083614653 0.08138944264124127 0.06489342495348552
0 0.39637681046719697 0.8370984170652956 0.0638027791559478 0.04471647769904201
