0 0.24437076882508696 0.5912870776000271 0.027661347259713195 0.018220181456480158
0 0.2959385573183382 0.5770364978399285 0.036621159266817804 0.026393628300409457
0 0.26525596441911203 0.5875939491600921 0.045529008818206054 0.04486916811069551
0 0.1205034092090557 0.6007907633102978 0.04206484510377712 0.04486916811069644
0 0.027218429184796982 0.5509727898932746 0.054436858369593964 0.05608646013836989
0 0.4914163669182418 0.5783561792549481 0.03662115926681771 0.04486916811069627
0 0.47854947312179263 0.5922128341126619 0.03563139820555211 0.062025026505962776
0 0.4451450373040889 0.5641696040434785 0.03315699555238905 0.04552900881820546
0 0.3419624466671765 0.62685447125695 0.027713309715429423 0.06400454862849209
0 0.45850681163117096 0.7020763119131149 0.053941977838962124 0.05476677872334854
0 0.5522866721860618 0.7690501437254043 0.05245733624706296 0.0765415220711864
0 0.46865186250914026 0.7987429755633652 0.03464163714428708 0.10821387603167627
0 0.310537532972001 0.7832367189368732 0.06878839375794152 0.06664391145853199
0 0.1826109158034561 0.6624858694625024 0.03860068138934836 0.02705346900791986
0 0.21131398658015063 0.719232170308382 0.08116040702375814 0.06664391145853316
0 0.14079351096499546 0.706695196865688 0.03414675661365444 0.06796359287355368
0 0.058890783145287895 0.7337486658736061 0.08313992914628879 0.06400454862849196
0 0.16875426094574092 0.8323948516463849 0.09600682294273825 0.10425483178661504
