0 0.7202030766623412 0.3225075467413741 0.006856702969908923 0.01252829678452489
0 0.736075074277871 0.3257242715914548 0.009650174550242242 0.019638951716282164
0 0.7919445058845358 0.3414692932260603 0.020824060871575085 0.0193003491004842
0 0.6874432735838873 0.4019098601459966 0.029204475612574676 0.027088209263837017
0 0.4010542979803692 0.5085696841223573 0.04088626585760466 0.044018340053735866
0 0.44524193934200307 0.4999353174195072 0.03783884231542366 0.04097091651155331
0 0.47368455906903223 0.6069337440116653 0.03225189915475588 0.053160610680280385
0 0.4760971027065937 0.6501055775259066 0.037076986429877966 0.06636611269640177
0 0.4590823212627455 0.6783788959450378 0.030982139345514078 0.03487606942719005
0 0.41070447253061076 0.6563697259181701 0.03225189915475644 0.0599326629962399
0 0.38734089204055167 0.7051285025930778 0.03936255408651384 0.063995894385816
0 0.42619554220336736 0.7110540483695421 0.026664955994089933 0.048081571443311086
0 0.3500099536488247 0.761675139431337 0.04240997762869489 0.0870208722600773
0 0.4698752796412979 0.7090224326747436 0.06018661495808583 0.057562444685653594
0 0.3958482827624749 0.8527592430809827 0.06602751008060291 0.06670471531218762
0 0.36029500810368903 0.8283798547435375 0.05891685514884635 0.11952672337668158
0 0.372230750310566 0.9693564632702831 0.04723506490381637 0.04909737929070381
0 0.42060859904270204 0.9449770749328303 0.04647320901827108 0.09853336119720851
0 0.18251529993613272 0.968650938293356 0.09564120520670709 0.04569524248764762
0 0.26688890255008746 0.5715578377724642 0.04190207370499872 0.03656908250618009
0 0.26384147900790433 0.5969530339573104 0.055615479644815655 0.033183056348203524
