0 0.5702561112996709 0.497360637169959 0.02709470905213884 0.04025028315812406
0 0.5672868281158747 0.46964732745452925 0.026352388256190032 0.031012513252980836
0 0.549842289411073 0.4518316283517531 0.022640784276444635 0.027053469007919446
0 0.5090146456338775 0.391786123968322 0.01744453870480171 0.025733787592898846
0 0.4678158414587075 0.36440273460664757 0.020413821888597708 0.01979522122530689
0 0.5236754813538704 0.359783849654076 0.009650170347337195 0.026393628300409304
0 0.5602347805543592 0.35120592045644294 0.012248293133158655 0.025073946885388807
0 0.6864293158656909 0.3957451682133835 0.01447525552100572 0.02573378759289895
0 0.6185069630363564 0.42708760182011946 0.012248293133158655 0.02771330971542959
0 0.5836178856267529 0.4653583628557127 0.024125425868342976 0.027713309715429436
0 0.6095991134849682 0.47756541594465146 0.01670221790885269 0.032332194668001336
0 0.6142386184596496 0.36770193814419855 0.008165528755439157 0.015836176980245538
0 0.6608192484054488 0.48812286726481297 0.01967150109264858 0.031012513252979122
0 0.7663498259326293 0.5495748089789805 0.018404647833446575 0.024291656399700514
0 0.7346994088251116 0.5250352785343854 0.013664056724831387 0.04065134336276437
0 0.6852020604851604 0.49380314887762755 0.018962364434459995 0.039659847183184126
0 0.4338458717891184 0.3410164555685654 0.007374764972079788 0.019256330760430488
0 0.4891566090797164 0.3543320034348205 0.008757533404344642 0.016388366604621608
0 0.4986055267001936 0.3795291170894262 0.014288607133404624 0.025811677402279045
0 0.48639107221518657 0.3785048441766374 0.009218456215099664 0.018027203265083856
0 0.4260101840062836 0.3342562543441589 0.012905838701139559 0.022124294916239292
0 0.588255013392038 0.43852723686606426 0.012444915890384678 0.029908769053434484
0 0.5992019301474688 0.449384529741626 0.012214454485007237 0.030318478218550028
0 0.6116468460378536 0.4495893843241838 0.01405814572802709 0.024992259072048117
