0 0.6042863051437135 0.6067905832658913 0.039263248711352505 0.057258904370722445
0 0.6355742064605726 0.46664259828231336 0.0282204600112847 0.03762728001504627
0 0.652905249837068 0.4388311304451053 0.019324880225118902 0.026720822039670508
0 0.6398686242883769 0.39956788173375274 0.012883253483412602 0.03544598841997107
0 0.706432100619342 0.46309799944031627 0.014723718266757259 0.03599131131873995
0 0.7401739549806627 0.495272050467675 0.038036272189122464 0.045807123496577826
0 0.8476877727410448 0.46691525973169784 0.026073251097382073 0.02726614493843933
0 0.8174734758811357 0.460098723497088 0.015337206527872098 0.02344888464705768
0 0.769928135644733 0.4592807391489348 0.035582319144662054 0.03381001972366476
0 0.6941623353970447 0.41510958434866313 0.026379995227939896 0.029447436533514157
0 0.9435590799774323 0.5241741641024202 0.03680929566689128 0.049079060889191055
0 0.7418748141359137 0.4475562968254058 0.032208133708531365 0.03217405102735843
0 0.7860459689361847 0.45600880175632197 0.0334351102307603 0.04362583190150294
