0 0.8637819453282104 0.3370791504918046 0.025688764652743768 0.021632643918100512
0 0.9499745109393922 0.34586741208353317 0.016224482938574866 0.02388604432623621
0 0.9645089435718662 0.35668373404258363 0.014872442693694126 0.02298468416298192
0 0.9893526830715602 0.37110549665465065 0.021294633856879467 0.0193792435099651
0 0.23136512078498864 0.6142474006924686 0.05340558967281076 0.03965984718318431
0 0.29964315315149365 0.576164933794979 0.039885187223998 0.014872442693694126
0 0.3694422307934898 0.5842771752642656 0.02197065397932084 0.029294205305761444
0 0.35203471264064345 0.5808970746520636 0.030420905509828913 0.027942165060879917
0 0.18252543305897365 0.8751616173892944 0.08585455554996167 0.0685033724073186
0 0.10681117934562163 0.8659226757159391 0.0452933482035231 0.058137730529895466
0 0.47473513098394116 0.9055825228991233 0.093628786958029 0.07977037444799577
