0 0.4984534394875509 0.4969217944018363 0.021643633112086214 0.050790392369695174
0 0.4887570918533363 0.49646006356211203 0.001904639713863574 0.0012312822392654254
0 0.5207896688592235 0.5241639139455817 0.022336229371672865 0.052329495168776975
0 0.7693451515184195 0.6037355286581045 0.01766120461946214 0.02678038870402111
0 0.6160216545524021 0.5418635961350214 0.013678776126838274 0.027396029823653766
0 0.6249388313945817 0.5604867400039095 0.01523711771090841 0.0289351326227355
0 0.6278823654978252 0.5846506539494919 0.024240869085536344 0.029858594302184467
0 0.6400893745730417 0.6168179024502989 0.023721421890846237 0.04740436621171548
0 0.6655422871128549 0.6486773303912895 0.030993682616506826 0.03416808213961295
0 0.6782687433827616 0.6206656594480031 0.028050148513263172 0.033552441019979604
0 0.7306463355140096 0.6479077789917486 0.019912142463119266 0.01231282239265326
0 0.7229412021261069 0.660220601384402 0.022163080306776096 0.016006669110449394
0 0.746402900419608 0.6571423957862386 0.0216436331120865 0.013544104631918514
0 0.7569649933782989 0.6937730424043829 0.03168627887609466 0.03940103165649133
0 0.7366199782529452 0.6763811807747595 0.018700099008842272 0.03416808213961318
0 0.7185259009712414 0.6799211172126474 0.024760316280226534 0.03386026157979685
0 0.6976614386511885 0.6908487470861273 0.027703850383469324 0.03847756997704144
0 0.8279561099859443 0.7040850311582301 0.02787699944836718 0.030474235421817063
0 0.6920340940420482 0.8267515242450385 0.024760316280226374 0.06956744651849141
0 0.6617330076851275 0.7975085710624863 0.03930483773154838 0.07510821659518466
0 0.6426000360140435 0.8058197261775267 0.028396446643056465 0.07203001099702137
