0 0.5336113571148223 0.8286670764062287 0.058034372081422946 0.10279975415626294
0 0.42602778287723586 0.9091190579198263 0.08841337551754509 0.09982005113724018
0 0.7132850606735468 0.6703703535206769 0.024093692380373684 0.030541955944977203
0 0.8975494297912782 0.7426281517319642 0.03938794928269861 0.040225990756798516
0 0.8786934966240291 0.7683280902710302 0.03142655527874878 0.05065495132337644
0 0.8685322437505668 0.7446766975575417 0.014875236165274273 0.02495501278430965
0 0.8362676469977183 0.7396484487129422 0.02744585827677414 0.041715842266309984
0 0.5450220214862193 0.5381264252460259 0.02386765211458626 0.03268363172447854
0 0.5529241495511883 0.5457717192166626 0.02548033131151974 0.031919102327416383
0 0.5682446019220362 0.5688031673032122 0.026662962722602854 0.04052005804438515
0 0.5929723496083199 0.5678475055568837 0.024512723793361398 0.04472496972823617
0 0.6221618430727787 0.5430958663269417 0.022254972917658513 0.03230136702594905
0 0.5998531141818951 0.5449116236449683 0.01655683975516714 0.02446494070604389
0 0.5867904126867524 0.5410889766596472 0.02225497291765471 0.02217135251485253
0 0.6286663158337358 0.5855272478639876 0.022577508757045263 0.02962551413622837
0 0.6235594983767893 0.5617312703803734 0.022469996810583242 0.023318146610448356
0 0.5746953187097612 0.5439559618986383 0.01870707868440856 0.012232470353023293
0 0.7874678203236047 0.7049289750345487 0.02235197019575448 0.039456999031004004
