0 0.7664143816291962 0.6022753096640855 0.02523890706226635 0.02837315042293954
0 0.8374915978413141 0.6798065927965372 0.01744453870480178 0.029032991130450193
0 0.7710538866038777 0.6811262742115578 0.016702217908852783 0.027713309715429624
0 0.6869860564626523 0.602935150371596 0.013361774327082257 0.02837315042293975
0 0.620548345225216 0.5821501680850235 0.01261945353113318 0.032992035375511174
0 0.6435602898996357 0.5880887344526156 0.01707337830682717 0.029032991130449864
0 0.6361370819401454 0.6101933981542085 0.01633105751087811 0.023094424762858168
0 0.6084856322910448 0.6253697344269437 0.03303327541973105 0.04288964598816481
0 0.6376217235320427 0.6379067078696372 0.03191979422580727 0.04684869023322647
0 0.659334606813552 0.655062566264904 0.013732934725056678 0.040250283158124046
0 0.671397319747723 0.6610011326324957 0.01855801989872513 0.03233219466800122
0 0.6756656643244302 0.6256996547806978 0.030806313031883314 0.039590442450614036
0 0.6856869950697418 0.6903640441167007 0.03080631303188403 0.03959044245061374
0 0.7263290586479495 0.6992718936680888 0.031919794225807534 0.04288964598816543
0 0.6730675415386085 0.7556882741602141 0.05159129531845616 0.06994311499608409
0 0.6751089237274687 0.768885088310416 0.038600681389347906 0.05938566367592089
0 0.671026159349749 0.8008873626246615 0.0386006813893486 0.08248008843877958
0 0.7044305951674538 0.8236518670337668 0.03785836059339942 0.054106938015838144
0 0.7534237677000888 0.6867349202253936 0.02375426547036769 0.03761092032808243
0 0.6288396020254953 0.5843003542685549 0.009650170347337299 0.026393628300409228
0 0.7184748381363383 0.6667804427073335 0.019671501092648924 0.03299203537551151
