0 0.8851243231062397 0.7415169459835961 0.03159464544741574 0.03162872812859016
0 0.825309217647539 0.7420622688823653 0.023619298052924943 0.05016970668672853
0 0.8740815344061708 0.7944132671641678 0.021165345008462944 0.0534416440793408
0 0.8906457174562737 0.8481275726928937 0.05613417589201067 0.08452504930916159
0 0.8549100262463308 0.7788715645492581 0.03251487783908979 0.07143729973871146
0 0.840339680044852 0.701163051474706 0.019938368486233603 0.03926324871135279
0 0.7785307377375277 0.7060709575636246 0.02331255392236459 0.04798841509165309
0 0.7418748141359143 0.6676256932004253 0.018097903702888437 0.04198986320519662
0 0.7605862060999182 0.6706249691436535 0.027913715880727198 0.04144454030642788
0 0.7158015630385316 0.7259752433686859 0.03466208675299156 0.06380277915594837
0 0.782865842549007 0.6750892117121264 0.028139337596592148 0.0324489658771509
