0 0.28571777116116176 0.47484363527224516 0.04266488774716906 0.05189647164567957
0 0.2028580681153437 0.6249441994166729 0.058383530601389566 0.1013977215230971
0 0.2356426660684317 0.6049840180144885 0.018862371425064348 0.03752514103610686
0 0.28234949054954295 0.5774389676794729 0.05658711427519302 0.073453467560038
0 0.4013620721600681 0.568860081712815 0.02964086938224393 0.049501249877417115
0 0.42583824460449693 0.5632712309202033 0.02020968366971227 0.05908213695046578
0 0.47928163030884574 0.517362813695179 0.02919176530069473 0.04231558457263095
0 0.5046560109163729 0.519758035463441 0.021556995914359275 0.029541068475233093
0 0.44851800072272924 0.6746490431443928 0.052096073459701485 0.06626780225525238
0 0.4988176578562338 0.6846291338454847 0.044910408154915135 0.06387258048699035
0 0.5280094231569286 0.6670641742115606 0.038622951013227706 0.052694878901766856
0 0.5634886455993112 0.6910163918941821 0.03503011836083436 0.04950124987741746
0 0.5646042279905297 0.5406814752340111 0.01779115957233163 0.0239942075458265
0 0.5425186505903938 0.5316836474043262 0.028220460011284733 0.034355342622433435
0 0.5984994544171296 0.5704015732169101 0.029754180664072163 0.04089921740765931
0 0.652333049329959 0.6077561917825719 0.02883394827239947 0.033810019723665014
0 0.7001851336969216 0.7031876990671099 0.04233069001692777 0.050169706686727655
0 0.8179473585141608 0.6781028457237458 0.032208133708531365 0.04362583190150391
0 0.7421815582664736 0.6851920434077396 0.03159464544741561 0.041444540306427476
0 0.7308320254358452 0.6492007320889996 0.027913715880727347 0.037081957116277375
