0 0.18033946251768032 0.31188118811881194 0.06789250353606795 0.0636492220650637
0 0.3500707213578498 0.3437057991513437 0.038189533239038224 0.028288543140028294
0 0.32832390381895316 0.3903818953323903 0.06046676096181045 0.033946251768033925
0 0.5134370579915134 0.2256011315417256 0.02333804809052331 0.0297029702970297
0 0.4269582802436087 0.30946146562708227 0.022794487240931853 0.05260266286368913
0 0.4984102306334529 0.28842040048160666 0.04295884133867929 0.03623738997276348
0 0.4453692122458998 0.28082223806796264 0.03857528610003862 0.03974423416367614
0 0.5584649374028312 0.45207312939086053 0.08416426058190223 0.08533320864553971
0 0.43134183548224947 0.3749225571907841 0.038575286100038596 0.04558897448186371
0 0.6500812418904218 0.3071235694998074 0.04120541924322284 0.04558897448186387
0 0.7042986581426262 0.27784853879116717 0.018813640007523134 0.030538082331052045
0 0.7194313685834601 0.2822111219813177 0.03190138957797382 0.0349006655212023
0 0.70388966596855 0.3334714744655835 0.018813640007523287 0.032719373926127074
0 0.7247482668464559 0.3389247034532714 0.031901389577974795 0.03381001972366474
0 0.7597170977300045 0.3383793805545025 0.0552139435003386 0.04907906088919084
0 0.7591036094688891 0.29966145474191863 0.038445264363199005 0.030538082331052062
0 0.8210659238414932 0.35337576027064416 0.0331283661002035 0.034355342622433414
0 0.8678955277732646 0.4005461910141445 0.07361859133378446 0.06543874785225354
0 0.96768961824795 0.44499000726380017 0.06462076350409994 0.0670747165485603
