0 0.7836113184236345 0.6950686566365323 0.016527865285593416 0.016790212353620215
0 0.7503981796116348 0.6523935335710865 0.027231625661024866 0.023786134167623842
0 0.7313517824729998 0.6637269269097809 0.02534272677124393 0.018469233588980657
0 0.8025003073214617 0.6071998786526 0.024398277326350925 0.02630466602067073
0 0.7911669139827633 0.5947471378236642 0.017787131212115195 0.024345807912746594
0 0.4024472632896963 0.3824908699866738 0.016370457044778536 0.03414009845235835
0 0.4662763049402471 0.3942440186342042 0.008657453244834417 0.027983687256030447
0 0.447859540764876 0.36318212578001663 0.015268599359074129 0.021827276059702208
0 0.4487252860893582 0.3747953559912701 0.010388943893803994 0.02658450289322796
0 0.45439198275870446 0.33379925416118356 0.013537108710103678 0.02294662354994717
0 0.42125754806710863 0.3083340987581911 0.012120434542768111 0.020148254824342744
0 0.3671091132266902 0.27629277685003834 0.01652786528559406 0.025465155402988163
0 0.4240121922813788 0.3024575244344286 0.013222292228473886 0.020148254824344833
0 0.4717068892483745 0.3018978506893107 0.013851925191737991 0.01679021235361721
0 0.4903597657849704 0.3192477367880461 0.0114908015795095 0.017909559843859457
0 0.49791536134409925 0.35016971120596124 0.007713003799944206 0.013152333010336642
0 0.5034246497726282 0.3342190094700198 0.0073981873183129 0.02042809169690293
0 0.4962625748155372 0.33142064074441635 0.010703760375431295 0.015950701735937347
0 0.5781323104263858 0.3742937788850041 0.01005649768920113 0.014898515095110388
