0 0.7314939963709761 0.6635485666130759 0.02590310010854409 0.019638951716282892
0 0.7496833056383779 0.6522053789838457 0.02533170819438703 0.024717990953251466
0 0.7841572844593094 0.6982553347323724 0.017713149338931207 0.02539519618484597
0 0.800441954012841 0.6059861219274234 0.017903613310318953 0.02708820926383754
0 0.7904425955150538 0.5949815369139844 0.01923686111001797 0.024717990953251213
0 0.33921684788629347 0.351820084871443 0.01731490648966881 0.03052765882476077
0 0.3702692008471069 0.27677292359390654 0.011877167261507863 0.023913332746062433
0 0.42164152671314886 0.30831817104615894 0.012449560864472521 0.019334183922348397
0 0.4423192456202332 0.3113709369286349 0.013737446471142023 0.019334183922348216
0 0.45340937167766393 0.29572551178094536 0.009015199246687268 0.013483049314269222
0 0.47873778860883015 0.30259423501651683 0.017601103291150586 0.02009737539296655
0 0.4902572098684886 0.31887565305638854 0.011447872059285748 0.01755340382423692
0 0.49784142510776536 0.3502937019302045 0.007441116838535211 0.013737446471142268
0 0.4545541588835932 0.3338850853118958 0.01216336406299068 0.023150141275443147
0 0.455555847688781 0.3733166446272112 0.007870412040758858 0.02060616970671326
0 0.4549119048854458 0.35334646781268053 0.006868723235571345 0.019334183922348053
0 0.44832937845135534 0.3658119284994578 0.01459603687558825 0.02391333274606194
0 0.5032076151355559 0.3331218938412768 0.006725624834830302 0.0180621981379833
0 0.49769832670702485 0.3305779222725467 0.00601013283112467 0.019079786765475296
0 0.5784446736576523 0.37439258455942465 0.00938286078214621 0.01390053449207047
0 0.8610743056115671 0.5384817082428102 0.012562352026070051 0.013378264315469623
