0 0.3163282231215693 0.30902098434389785 0.01796416326196567 0.03672673378001907
0 0.48182307717243167 0.3864664881843736 0.011227602038728784 0.028742661219145628
0 0.5294281098166416 0.4595207521163695 0.02290430815900669 0.039121955548281094
0 0.5932830814864033 0.5626026761461691 0.027844453056047234 0.030806490261825793
0 0.5554761465464914 0.5070259838535667 0.024700724485201834 0.031936290243494224
0 0.5289790057350923 0.5225949253472723 0.017515059180416792 0.04710602810915503
0 0.5089938741061539 0.5233933326033562 0.01706595509886757 0.04710602810915072
0 0.700087660805317 0.55053917931033 0.020209683669711695 0.018363366890008163
0 0.6736241775339752 0.624743099758197 0.026733523023789157 0.020895167420892077
0 0.6899869373157779 0.6112226973093839 0.022124294916239393 0.021714585751123304
0 0.7185641515825861 0.59503918528732 0.024889831780769048 0.04179033484178467
0 0.7382686017423628 0.617982898533787 0.02235475632161622 0.04097091651155396
0 0.5693624208839626 0.443144388478238 0.015740824081516898 0.023226460422505358
0 0.5591308852309786 0.4395065091349544 0.014481558154996257 0.0265845028932291
0 0.489005513947818 0.3093823633944137 0.00865745324483494 0.016510375481058152
0 0.4263439819368069 0.27024128297099925 0.00702483058183488 0.014338748841932949
0 0.4506056653351789 0.2962591740148293 0.007675277857931257 0.01965796212200489
0 0.46608631050625726 0.31059792285676247 0.0061142043953007754 0.015032559269768143
0 0.46537081850255163 0.2967217143000531 0.00832572513402599 0.010869696702755787
