0 0.714704758617506 0.324172084356183 0.01396735790166596 0.011851091552928879
0 0.7365446273364752 0.325187892203577 0.008380414740999527 0.019977554332080098
0 0.7933028908096093 0.3405943112223846 0.019808253024181106 0.01963895171628205
0 0.6870239947760219 0.40171208337391734 0.02717285991778701 0.024717990953251504
0 0.46370787414326714 0.457796989372454 0.014082790611597246 0.025549106464755767
0 0.46243811433402504 0.4918111612321592 0.02862731206291912 0.040016672776123724
0 0.4057606537578421 0.5096647537015064 0.05009779611010849 0.04186359613502155
0 0.24854130283164935 0.5753844432222928 0.03809279427727145 0.04032449333593997
0 0.2627395261531776 0.5981631646487022 0.05540770076694022 0.03293679990034747
0 0.5219022218295971 0.5946711812879187 0.041237227468878854 0.04687072848921801
0 0.47643986859546344 0.6604704732054748 0.06050380095843745 0.05047616914223482
0 0.39650048911685737 0.6237400465528665 0.022308664040541257 0.03740644677504885
0 0.41171094187177204 0.6501048313280513 0.04191324759131982 0.04777208865247233
0 0.37402282004570625 0.6476260908791026 0.02332269422420248 0.06264453134616634
0 0.4504130938814985 0.7150027630823533 0.015886472877355118 0.049574808978980374
0 0.49672047226868216 0.763450871857265 0.06320788144820026 0.0743622134684689
0 0.3905853130455015 0.7422689080207924 0.06726400218284398 0.060841811019657736
0 0.3726707798008245 0.7954491576527895 0.03751911679545576 0.08517853542752193
0 0.39396541365770477 0.8513334877745493 0.0719961430399286 0.06805269232569075
0 0.4171191028512969 0.941636929429292 0.045293348203523036 0.1032057386926049
0 0.37013570434167214 0.9704804546534253 0.047997428693285576 0.044617328081082326
0 0.17346162667020526 0.9666265766955476 0.07574888842129013 0.04039940715802132
0 0.06708383988726302 0.972335188576572 0.04742539101159031 0.03249517532275668
