0 0.7847074805904157 0.6963086825603519 0.01655131911347439 0.030541955944976707
0 0.7874311153812407 0.5979784829326152 0.01152307026887523 0.028307178680712326
0 0.7971733475176523 0.6024480374611509 0.01592278800789925 0.03650136198302173
0 0.860550233996463 0.5387568854295575 0.011104049531824528 0.014898515095110233
0 0.7485669420198543 0.6517993687137066 0.022627119800698984 0.024210087029557233
0 0.7323298884591675 0.6635319493511069 0.024931733854474357 0.019368069623642903
0 0.5758387258226737 0.47543596713345054 0.014054905097225113 0.027714908646376827
0 0.5591586229343029 0.47342555925236424 0.014943433580388098 0.029725316527464473
0 0.5521311703856879 0.4569114945148842 0.01865909814631616 0.025130098513556555
0 0.448671461216987 0.36457088180532116 0.012228408790599776 0.023127014261182646
0 0.45380999469814326 0.33334941255272615 0.013399213887571886 0.024514635116853128
0 0.36625979133565517 0.27634132239891185 0.01626118190239295 0.024283364974241117
0 0.42167789925901356 0.3076784267228134 0.010537245872751037 0.019426691979392927
0 0.4266212985573412 0.3027061186566594 0.011577961514504702 0.019195421836781038
0 0.48932441597297077 0.3180855831403454 0.013139034977132782 0.01618890998282736
0 0.578110469160041 0.37359041736718296 0.009366440775778747 0.01248858770103827
0 0.6188935133712441 0.3778689150055019 0.009756709141436042 0.01734526069588649
0 0.6440658229561496 0.3961392562718355 0.009886798596655304 0.01457001898454457
