0 0.46230555073918383 0.45403063167403596 0.02737881495884535 0.03830780693830263
0 0.4967825769836576 0.4761139556737639 0.026364784775185016 0.04822276873409919
0 0.5910873840641259 0.6324999439983638 0.02788583005067542 0.03019556546901357
0 0.6357047121452074 0.5669259921216238 0.02535075459152338 0.03244896587715112
0 0.7676553897940918 0.6018536984477236 0.02459023195377838 0.029294205305761344
0 0.7088416391417555 0.5955441773049441 0.019520081035473143 0.023886044326236058
0 0.6851386835986816 0.6011776783252828 0.013182392387592617 0.023435364244608858
0 0.6654918487902503 0.6036564187742318 0.021548141402795554 0.0247874044894903
0 0.6396340791068947 0.618528861467926 0.024083216861947303 0.04732140857084511
0 0.6805755477722067 0.6223596421617562 0.019773588581389136 0.03785712685667593
0 0.7808377821816843 0.6629208495081952 0.016477990484490244 0.0252380845711176
0 0.8331870904131807 0.7095662379565992 0.029913890417998305 0.041011887428065726
0 0.7303897805445506 0.7037073968954469 0.036251579065879176 0.04191324759132008
0 0.6779137185400963 0.7111436182422942 0.03523754888221856 0.046870728489217944
0 0.6346906819615478 0.7656759081191724 0.03549105642813337 0.08292513501938538
