0 0.03365187608302166 0.5487617626585137 0.06730375216604333 0.05146757518579753
0 0.2852986259097353 0.5982498157217809 0.022269623878470292 0.019795221225306765
0 0.3102900927066858 0.5863726829865966 0.02177474334783766 0.01715585839526586
0 0.33699288754309076 0.5583006093921867 0.017139678980335405 0.03452087741641644
0 0.33917482699078355 0.5832582582825125 0.018889523266267104 0.03035267254547057
0 0.25540461048333696 0.5859213043508426 0.033462996060811816 0.027491484979253033
0 0.44935152181446647 0.5655277151811602 0.04058020351187893 0.04025028315812414
0 0.4921586877141916 0.5793843700388757 0.036126278736185395 0.0455290088182054
0 0.4783020328564775 0.5995095116179371 0.03315699555238902 0.06334470792098168
0 0.552534112451379 0.770078334509331 0.05295221677769566 0.07852104419371692
0 0.451083603671681 0.7037643434045532 0.04998293359389998 0.059385663675920845
0 0.4721160262235698 0.79449244068721 0.04156996457314427 0.10095562824906504
0 0.3387457232180639 0.7812956265370065 0.07076791588047214 0.05740614155339038
0 0.1729607454561186 0.7176209982622699 0.045034128287573555 0.0752218406561668
0 0.12941125876044382 0.7090430690646354 0.06383958845161462 0.04618884952571609
0 0.05319965704301235 0.7285083699361876 0.1063993140860247 0.06004550438343098
0 0.3459214909122371 0.6255732195645934 0.027713309715430214 0.06136518579844977
