0 0.673867363046036 0.6019430895382937 0.025141244222999126 0.03724628773777577
0 0.6978563002421425 0.6397480715921313 0.03121704491022569 0.03761875061515343
0 0.7124172708546336 0.6220560849166906 0.024722223485951305 0.03054195594497604
0 0.7178645404362807 0.6149792902465131 0.02095103685250017 0.04097091651155345
0 0.7455199090815825 0.6598610669705341 0.031007534541698314 0.03612889910564319
0 0.7677280081452327 0.6695451017823574 0.02262711980070066 0.039853527879420945
0 0.7748513606750811 0.7000870577273307 0.03100753454169785 0.05326219146502083
0 0.751071933847494 0.6190763818976676 0.014875236165276423 0.029052104435464587
0 0.6278798371547982 0.5635794131683828 0.02786487901382335 0.03799121349253068
0 0.5784353901828991 0.5211186451473171 0.021579567958075113 0.033521658963996386
0 0.5708930169159993 0.5542678412339377 0.028702920487922768 0.037991213492533885
