0 0.5279640051312323 0.4042304826542422 0.019773588581388637 0.031547605713896726
0 0.5625677851486626 0.41842690522549575 0.022562171586456327 0.03199828579552395
0 0.5875382784213139 0.4204549655928174 0.028899860234337583 0.03335032604040511
0 0.6089596660511518 0.4364541084905795 0.028646352688422447 0.03199828579552373
0 0.5936224595232796 0.4504251910210196 0.025350754591523816 0.03380100612203219
0 0.6208745207091682 0.47791667600027227 0.026618292321100193 0.0419132475913198
0 0.577144469038789 0.39093542024624284 0.020280603673219277 0.030195565469015334
0 0.5724545794393571 0.3765136576341759 0.01444993011716882 0.028392845142507072
0 0.6671396478386995 0.41144136396027575 0.027378814958846077 0.027942165060879987
0 0.6325358678212682 0.5624191913053511 0.03777262434136955 0.056785690285013374
0 0.6988280910781043 0.541462567509692 0.023322694224201367 0.043715967917828225
0 0.7220240315293494 0.49301445873477995 0.035237548882218445 0.04506800816270967
0 0.714165297605976 0.5105909819182363 0.01647799048448916 0.04777208865247217
0 0.7619514700109994 0.43487672820488443 0.022815679132372216 0.032448965877151265
0 0.7794434906791503 0.45448131175566187 0.03549105642813462 0.040110527264811104
0 0.8734997345882944 0.42045496559281786 0.017238513122235934 0.04596936832596362
0 0.8454871507646605 0.4492984908169517 0.042842775259675815 0.04056120734643855
