0 0.7464817521370839 0.531486657243052 0.02133196479527204 0.026749606648038483
0 0.700389471061586 0.5396131200222033 0.01409433388259043 0.02404078572165474
0 0.7487673197937217 0.6073336431817963 0.014475261825363414 0.03623047989038192
0 0.7216262038711652 0.5890491019287064 0.02304614053774894 0.043002532206341246
0 0.6913424324207327 0.604286219639615 0.02228428465220368 0.022686375258463506
0 0.6735340510961091 0.6169838177320393 0.02361753245190822 0.017607336021493253
0 0.6386791443324055 0.4781567452548724 0.00952319856931771 0.02573379880064454
0 0.5662076032198966 0.4894999328841022 0.010094590483475795 0.03487606942718969
0 0.5522085013229993 0.4986422035106479 0.019046397138634933 0.030812838037613338
0 0.5215438019297975 0.5269155219297796 0.028569595707953487 0.04063231389575612
0 0.3707915685774958 0.28566115817372756 0.014665725796749445 0.02878122234282735
0 0.4049798514413472 0.28701556863691974 0.01066598239763613 0.020654759563675976
0 0.43707303061994796 0.29192530656599003 0.011237374311794677 0.029119824958625206
0 0.4931646701932304 0.30783962950849475 0.009142270626545256 0.016930130789898416
0 0.4189789533382373 0.26703801430483726 0.010094590483477566 0.01726873340569592
