0 0.38764519549621435 0.46832764603950794 0.03303327541973079 0.04552900881820578
0 0.45278384534074007 0.41982935403750704 0.02449658626631738 0.04618884952571612
0 0.4743111484232614 0.44028441597032414 0.032662115021756435 0.04091012386563428
0 0.5392642180687995 0.5006598407075101 0.02969283183796044 0.05212741589330818
0 0.49880773468957856 0.4310466460651807 0.023754265470368307 0.03299203537551147
0 0.5158811129964056 0.4165301504999552 0.020042661490623937 0.030352672545470555
0 0.54520278443639 0.424778159343832 0.028950511042011774 0.03365187608302101
0 0.5915978341832048 0.49769055752371416 0.03191979422580737 0.04354948669567513
0 0.6251878501998973 0.38386803547819925 0.01744453870480169 0.0362912389130627
0 0.555038534982716 0.3934357257370978 0.025610067460240842 0.030352672545470583
0 0.5854736876166255 0.411251424839874 0.02709470905213884 0.029032991130450086
0 0.6138674580616751 0.4148805487311802 0.0282081902460623 0.03497155749804229
0 0.5791639608510589 0.373970424865546 0.012248293133158512 0.024414106177878522
0 0.6978754360487516 0.5837997698537987 0.031919794225807575 0.06136518579845152
0 0.7266403668917769 0.6108532388617183 0.022640784276444982 0.061365185798451224
0 0.7541062363418901 0.6144823627530248 0.01967150109264871 0.06070534509094105
0 0.7771181810163084 0.45678043365807985 0.03526023780757794 0.043549486695675356
0 0.8060686920583201 0.45084186729048775 0.036002558603526726 0.03695107962057285
0 0.8294517971307144 0.4376450531402831 0.03229095462378207 0.036951079620572626
0 0.8567320863818396 0.4300568850039156 0.02969283183796049 0.034971557498042205
0 0.876960328071451 0.4445733805691406 0.033033275419731584 0.04420932740318543
