0 0.7159800914025511 0.32333408520740936 0.012443646130575825 0.011512488937130812
0 0.7357883444267324 0.32536570090219785 0.008888318664696726 0.018961746484686196
0 0.7934354397663363 0.3419572290762983 0.020062204986029713 0.018284541253090297
0 0.6880453755992184 0.40104338553304353 0.028188667765180746 0.024717990953251504
0 0.45089524377698276 0.46842982531031724 0.015616064828378882 0.027761893028229137
0 0.45386973231572136 0.4974310885630208 0.029001263252703552 0.044121579991292605
0 0.4023738994888045 0.508585420583291 0.04127102847500128 0.043625831901502134
0 0.4836146177031096 0.5965807065209814 0.04833543875450664 0.034206618195496474
0 0.47747973509196007 0.6563183513406525 0.05688709330338154 0.04461732808108223
0 0.4525683935800234 0.6808578817852486 0.01747512016509063 0.031232129656757764
0 0.46929989161042923 0.7299369426744394 0.04870724982184832 0.08278993099489738
0 0.41092555403767894 0.6535917368468089 0.027885830050676845 0.058002526505406736
0 0.38880279553080965 0.6486342559489114 0.014872442693694197 0.032223625836337394
0 0.3776484635105389 0.6808578817852486 0.029001263252703243 0.06791748830120323
0 0.3709558642983764 0.7500147403109261 0.062464259313515444 0.0793196943663686
0 0.37151358089939024 0.7988459271552223 0.03457842926283888 0.09567938132943227
0 0.394008150473601 0.8558569574810491 0.07138772492973203 0.08278993099489682
0 0.4265416188660569 0.9377836147313768 0.062092448246173305 0.1105518240231262
0 0.3668659425576102 0.9717423588819777 0.04684819448513573 0.04362583190150172
0 0.17623844592027532 0.9700072405677147 0.0862601676234262 0.043130083811712246
0 0.07008638619403365 0.9737253512411391 0.06729780318896604 0.035693862464865965
0 0.2688194016885205 0.5964610549110966 0.06990048066036234 0.035693862464866145
0 0.2485556985183635 0.5813407381725095 0.05911795970743427 0.035198114375076056
