0 0.7828751713089818 0.6975684222339074 0.018855933167249303 0.025056593569048626
0 0.7505915281589958 0.6520263704090801 0.026664955994089707 0.023363580490059054
0 0.7316403630060516 0.6637081606541112 0.026474492022703498 0.019638951716279923
0 0.8020168004333094 0.6042834015815673 0.013713405939818173 0.02607240141644171
0 0.791541282007063 0.5971727466498088 0.02133196479527119 0.028781222342826082
0 0.36728278574395384 0.2763467681812374 0.017713149338931207 0.025056593569049376
0 0.43775445515690575 0.41094130796092976 0.020379644938340144 0.03690768512197845
0 0.49051297523092674 0.42262309820595884 0.013903869911204545 0.026411004032241475
0 0.47965652886190424 0.3970586007132128 0.0180940772817039 0.028781222342826863
0 0.44813474159745864 0.3642141469808079 0.01295155005427043 0.025395196184846588
0 0.4542295886818251 0.33424781548268934 0.014094333882589244 0.023702183105857654
0 0.49060820721662063 0.31901069777178115 0.011427838283181318 0.017607336021494224
0 0.4977506061436079 0.350331439733093 0.0074280948840682835 0.013882707247716907
0 0.4962268943725062 0.3318775971721009 0.010856446369023456 0.016252925558300133
0 0.4210888576605973 0.30851401668204276 0.012951550054270913 0.0216705674110693
0 0.6185716680536193 0.3782709604362689 0.009759310930539706 0.01874907046154137
0 0.5781177501641102 0.3753326732743846 0.00975931093054068 0.016790212353617887
