0 0.09248703122248454 0.16247400020726174 0.008872764107033432 0.024787404489490256
0 0.11111983584725475 0.16179798008482113 0.009633286744779194 0.0216326439181006
0 0.1273443187858302 0.1649527406562108 0.020787618765049753 0.03064624555064249
0 0.19794617032322473 0.19559898620685323 0.010393809382524993 0.019829923591592188
0 0.17551075250972606 0.1879374248191926 0.01318239238759258 0.0180272032650838
0 0.1767782902393021 0.18140256363559965 0.025857769683354584 0.03019556546901531
0 0.17035707085504204 0.42364310751016354 0.04411031298925189 0.05588433012175979
0 0.21624193666570043 0.45338799289755194 0.04613837335657402 0.05768705044826843
0 0.28722404952196806 0.4709645160810086 0.034477026244472894 0.06399657159104742
0 0.35731888596753236 0.5703394740797831 0.0301673979639137 0.0842771752642669
0 0.41549886775507994 0.5090469829784982 0.036505086611795065 0.04281460775457407
0 0.5381965199780572 0.6586727700786927 0.0278858300506764 0.06715133216243722
0 0.5013111720473895 0.6045911602834412 0.02966038287208304 0.055433650040132613
0 0.46848194485136574 0.6208156432220178 0.033970011152642386 0.059940450856403656
0 0.7138772492973193 0.6410962468952371 0.029913890417998502 0.03920916710155717
0 0.7461994614015123 0.6559686895889313 0.027125307412930944 0.02298468416298193
0 0.15134133892084004 0.6927888560026966 0.042929859155282905 0.11399658802415483
