0 0.4104955720717844 0.6431969650070005 0.03689109410170808 0.026393628300409356
0 0.3587580620510966 0.5625164421341584 0.026993483489054414 0.03299203537551158
0 0.4689814529647381 0.5625164421341587 0.024294135140149394 0.04738855990300749
0 0.4135694716055695 0.5575583080830115 0.01904611885555806 0.036992980942637574
0 0.38015674408578237 0.5925609333664306 0.03441993532491758 0.05568753763950072
0 0.4103791263222981 0.602075387033501 0.03106189285420191 0.05736655887486371
0 0.5013610895134645 0.6199849468773415 0.03966687668542382 0.043374715246846766
0 0.5633799363946426 0.562198632693639 0.028123605692309633 0.04309487837428758
0 0.49821292469716305 0.5934004439841126 0.04638296162687137 0.03721830405052138
0 0.5099660733446975 0.5746513735225734 0.04806198286223206 0.033860261579797615
0 0.5187809348303434 0.5592603455317557 0.04218540853846532 0.01818939671641896
0 0.5096512568630648 0.5482067890656228 0.04407430742824814 0.03190140347187267
0 0.5441761310151898 0.5603796930219967 0.027913728037891508 0.04617308397245032
0 0.5409230273716791 0.5749312103951373 0.026864339765790373 0.03497960907003755
0 0.5439662533607743 0.6275405424364698 0.032531036435135476 0.07975350867968611
0 0.39074507175128176 0.7226570954197145 0.045018756873138915 0.09019142402618562
0 0.41221555579847113 0.7902237082994006 0.0787251081730283 0.07757078107371639
0 0.4413045987011145 0.7308143402548481 0.049636065270384035 0.05971718860436877
0 0.4942882125595013 0.7205023515010008 0.0595632783244609 0.0686439848390427
0 0.47281772851231296 0.7571329981191446 0.06787443343950263 0.05879372692492026
0 0.5219920629429715 0.770677102751063 0.03693846717795992 0.08711321842802308
0 0.5518891348151334 0.8191588409221363 0.04963606527038364 0.1095841192946151
