0 0.42717578579268084 0.939624575262813 0.05592149996149201 0.12075084947437208
0 0.4536518941815284 0.8528555222252175 0.047508530940736614 0.07522184065616645
0 0.42049489862913964 0.7641069470650905 0.05740614155338994 0.07324231853363543
0 0.537781584389082 0.6196018321203495 0.04255972563441026 0.049488053063266445
0 0.581825951615391 0.7311149116895804 0.04453924775694049 0.04288964598816502
0 0.5400085467769296 0.8465870355038655 0.03315699555238782 0.08643913268383996
0 0.5773720268396968 0.7901706550117454 0.07126279641110463 0.07918088490122789
0 0.6671928431495268 0.8017178673931756 0.06581911057414552 0.08116040702375861
0 0.6471501816589028 0.7518998939761531 0.06928327428857413 0.06862343358106388
0 0.6944112723343234 0.7152787347093347 0.06186006632908394 0.06532423004351219
0 0.715443694886211 0.7749943187390096 0.06532423004351315 0.06862343358106385
0 0.760972703704417 0.7212173010769262 0.07027303534983981 0.0547667787233486
0 0.7597355023778359 0.6746985311974554 0.04899317253263431 0.04354948669567507
0 0.7530546152142956 0.6298293630867604 0.06433446898224739 0.0580659822609001
0 0.8220904492375511 0.7083504072804768 0.06878839375794188 0.0580659822609001
0 0.8465870355038679 0.6684300444761071 0.06235494685971744 0.05476677872334922
0 0.8107081970329978 0.7852218497054149 0.07967576543186104 0.06532423004351376
0 0.9705546084273549 0.7888509735967248 0.05889078314528791 0.08182024773126835
0 0.9326962478339544 0.8258020532172974 0.12767917690322905 0.11745164593682189
0 0.8473293562998191 0.87496018592681 0.060870305267817996 0.09831626541902429
0 0.8099658762370487 0.9571103540118253 0.06433446898224374 0.07390215924114552
0 0.8275341350745131 0.9788850973596717 0.053941977838961715 0.042229805280654766
