0 0.2663495630729902 0.8064311995451964 0.08188023325013277 0.06658392593966853
0 0.3444057194955065 0.7086548037959536 0.058935772284436354 0.060585374053209226
0 0.39614322951619596 0.7908349646404105 0.04813837888881472 0.10737407876757438
0 0.4611525355856697 0.737447852850947 0.07648153655232205 0.06898334669425067
0 0.49286987868530896 0.8235270724215994 0.07783121072677504 0.0851794367876832
0 0.4271857355286095 0.6417709502619612 0.05623642393553096 0.05158754622352631
0 0.3665378263550217 0.5830450095952835 0.018157565272165967 0.0383636763699104
0 0.3775112076123935 0.5580899968109745 0.021108721040643624 0.030169493067598953
0 0.390060704852047 0.5910338803055454 0.024441049162385965 0.05277164163233357
0 0.4184438587180437 0.5487745178828396 0.0320098901933184 0.036792977233698426
0 0.3953431251548873 0.5494052546354171 0.03689810002579476 0.050248694622023
0 0.5626460487761203 0.6291934538364956 0.015453050438153336 0.04415157268043823
0 0.5918964656769119 0.5790498820065688 0.040209467976828145 0.05781753565295562
0 0.4752101664500373 0.5604431478055268 0.02349494403351871 0.04246960800689839
0 0.4894805854771064 0.6181555606663862 0.022075786340219183 0.07758062056705596
0 0.5086392143366524 0.6133199122299574 0.02727936454899194 0.0552945886426445
0 0.4992570051420609 0.5788396364223757 0.029013890618574754 0.02628069802407077
0 0.5277978431962018 0.601020545554692 0.03437515301548534 0.057607290068763126
0 0.5474295246201828 0.5912441258897378 0.026648627796409145 0.051930659295563245
0 0.5341840528160503 0.5668556381233996 0.038317257719092834 0.027121680360840335
0 0.5070623724552111 0.5427825187333513 0.02538715429125249 0.049617957869445235
0 0.5366281577322883 0.5475130443776842 0.039105678659817414 0.01618890998282797
0 0.5639075222812763 0.5659095329945332 0.03532125814435148 0.029013890618573672
