0 0.4913198652147701 0.5800377832980376 0.038922353734259646 0.04471080634089271
0 0.47605032644209905 0.5952075211636978 0.03592832652393314 0.06546939499916506
0 0.4452118461757228 0.5684608780847704 0.034131910197735094 0.04391239908480491
0 0.5473081740478958 0.7704579138748748 0.06107815509068523 0.0806391328648258
0 0.45149930331741284 0.7037909079915822 0.046706824481111645 0.07025983853568925
0 0.47814614548932866 0.8015957968622854 0.053293684343832304 0.11417223762049494
0 0.30479197001135455 0.7868252626246656 0.053892489785897606 0.08143754012091019
0 0.34191790741941813 0.6279422186632793 0.02754505033501406 0.06387258048698896
0 0.272556065326223 0.5837070649610088 0.02372154609644219 0.05235099828180374
0 0.21042647356240532 0.718340722785923 0.07729952090047548 0.06707471654856048
0 0.13537640961935113 0.707979587709316 0.06871068524486712 0.05616825857318492
0 0.0541914630651481 0.7368817013440618 0.08384339568570082 0.0605308417633342
