0 0.7491653894939199 0.6171395749353042 0.01592278800789961 0.03054195594497574
0 0.7289476389312575 0.5987026625051066 0.02116054722102427 0.0361288991056425
0 0.6910262622282336 0.6072693086847956 0.021998588695124114 0.024210087029554076
0 0.6587616654753842 0.5439506195305744 0.014037194691174284 0.03389412184137616
0 0.6266018239067984 0.5586629031869965 0.02053201611544922 0.029052104435467546
0 0.6050222559487239 0.5307281873836653 0.014246705059699494 0.029797030190221178
0 0.5634490080587952 0.4665950330118616 0.017314906489667322 0.024345807912744565
0 0.5449535397630082 0.47345103638958735 0.009601902689725422 0.018469233588982198
0 0.5562082289812916 0.497237170557213 0.013222292228473417 0.03022238223651299
0 0.5699814500526237 0.5047927661163429 0.022194561954938477 0.029662708491391257
0 0.5791898321403104 0.519344283489478 0.01668527352640757 0.031341729726751706
0 0.5366896071202154 0.5032536633172622 0.012907475746842393 0.03162156659930987
0 0.5070968578469575 0.4484056362954393 0.011963026301952482 0.027144176638349542
0 0.5163052399346452 0.46225756148717456 0.009601902689724712 0.028543361001151027
0 0.5222867530856391 0.47401071013471396 0.013379700469288722 0.034699772197487266
0 0.5100089103020388 0.4819860610026768 0.010546352134615076 0.03386026157979689
0 0.500013487010279 0.4958379861944146 0.01888898889781996 0.03078205598163286
0 0.4816754269553132 0.459459192761574 0.01180561806113928 0.03078205598163028
0 0.5248052849386687 0.530817595264451 0.018731580657003664 0.040856183393806124
0 0.6178335552604335 0.5271797159211673 0.012750067506029798 0.02966270849139375
0 0.6059101958351694 0.5104938827210167 0.011175985097873178 0.02406597104018809
0 0.6988094375358155 0.5504786125910563 0.012293583607664815 0.01354410463191878
0 0.5825398404576899 0.4947630912642995 0.019392695268428472 0.032013338220898066
0 0.5514595833087343 0.48660584642916666 0.01160098734807769 0.0335524410199806
0 0.5331923569621337 0.48368155111091077 0.014198223321529207 0.027703850383471774
