0 0.8447090083750317 0.6911108886139695 0.027885830050676668 0.04560882426066239
0 0.7699749838392173 0.6033634767211743 0.021193230838514127 0.029744885387388394
0 0.770672129590486 0.679708682548803 0.024818388745101113 0.03668535864444486
0 0.7270308055611768 0.6953247473771818 0.03178984625777111 0.054036541787088985
0 0.7026307042668336 0.6873927779405463 0.02147208913902091 0.03321512201591688
0 0.7232662185043351 0.6650841139000044 0.02537610534611618 0.024291656399700073
0 0.7003998378627802 0.6388094651411449 0.027606971750169726 0.025283152579279558
0 0.6803220402262923 0.6442626941288333 0.013664056724831397 0.02528315257928
0 0.6896637932932691 0.6083209576190721 0.019520081035473546 0.03668535864444553
0 0.6754420199674246 0.6142699346965499 0.026770396848649368 0.028753389207808552
0 0.6556430806314443 0.6521946635654697 0.0312321296567578 0.05502803796666801
0 0.6336132748914091 0.6112954461578112 0.022866380641554756 0.0386683510036049
0 0.6212040805188588 0.5577546524605109 0.019798939335979943 0.02974488538738824
0 0.6939860969511261 0.8086031858941535 0.02983783815422252 0.07138772492973153
0 0.6688888499055154 0.8093468080288385 0.03597272076537266 0.05205354942792944
0 0.641979023906612 0.80538082331052 0.02677039684864951 0.0619685112237255
0 0.5903902383128616 0.6137741866067605 0.03346299606081181 0.049574808978980735
0 0.5487009223870998 0.589234656162165 0.03206870455827805 0.05502803796666857
0 0.6772073827806799 0.6978415392731145 0.023145238942061552 0.05701103032582708
0 0.7590522939794151 0.6956106728690596 0.02677039684864943 0.043625831901502876
