0 0.2620204269220098 0.33668942489121717 0.03018771236859303 0.05542661943085896
0 0.3402115507619722 0.3904664425533015 0.04107508404251181 0.029692831837960433
0 0.34887196004804394 0.3416382301975443 0.035631398205552466 0.025733787592898964
0 0.4315170086637003 0.37594994698807666 0.036621159266817783 0.04156996457314456
0 0.5634026700773076 0.4478725841066916 0.08066552649312571 0.0877588140988605
0 0.42632076309205735 0.3096359558832986 0.028208190246062338 0.04750853094073662
0 0.45626103519533345 0.2594880621125207 0.015836176980245392 0.015836176980245437
0 0.45032246882774174 0.28159272581411365 0.035631398205552445 0.038930601743103595
0 0.5072337298504993 0.22649602673700933 0.011877132735184044 0.02375426547036831
0 0.47301130968464095 0.2827488103595036 0.017995655659369603 0.0408992174076589
0 0.4993913049125818 0.28792937789780754 0.04212619392988828 0.037081957116277715
0 0.6190215158299833 0.29992648167072056 0.03517332697058681 0.04471647769904059
0 0.6468329836671934 0.31601350718440063 0.049079060889191034 0.05289632118057199
0 0.7002064623841865 0.2783862271693537 0.018404647833446742 0.027811467837208247
0 0.7163616532602133 0.27838622716935446 0.03762728001504694 0.040899217407659366
0 0.7591013354512185 0.3012897889176427 0.030674413055743095 0.029992759432284112
0 0.8071579159052162 0.35691272459205975 0.03353735827428054 0.03435534262243506
0 0.949489466501543 0.4273751287717245 0.04376216262619693 0.06271213335841053
0 0.9754604695554057 0.4535506279126265 0.049079060889188855 0.06053084176333489
