0 0.28381398431783783 0.5790216286084728 0.012372013265816838 0.01715585839526576
0 0.27069965025607134 0.5800113896697384 0.04552900881820567 0.049488053063267354
0 0.31078497323731846 0.5674744162270439 0.020784982286572277 0.023094424762858078
0 0.33231227631983984 0.5509783985392882 0.015341296449612928 0.04288964598816503
0 0.17320818572143537 0.6733557553576719 0.018805460164041478 0.021774743347837487
0 0.03167235396049096 0.546996259869462 0.06037542473718589 0.04618884952571574
0 0.4914163669182418 0.5789985341837077 0.03860068138934974 0.04420932740318542
0 0.47607507046862935 0.5948347111639545 0.03266211502175661 0.056086460138369265
0 0.4441552762428239 0.565141879325995 0.0301877123685932 0.04816837164824674
0 0.45430032712079293 0.6961202597667754 0.051467575185798434 0.05410693801583875
0 0.34443684932034024 0.6251873837094254 0.03464163714428667 0.057406141553389974
0 0.2194795153355903 0.7122863571007764 0.06977815481920685 0.07456199994865575
0 0.30113480288998007 0.792786923417016 0.0470136504101055 0.09303753975894148
0 0.13584470565866844 0.70931707391698 0.0697781548192069 0.04486916811069594
0 0.06012798447186954 0.7284524544347761 0.08759385392198275 0.06070534509094074
0 0.4773122717952104 0.802354613675923 0.055921499961491775 0.11613196452179997
0 0.5522866721860622 0.7713421004229414 0.05344709730832835 0.0805005663162473
