0 0.7313891450024113 0.6638836660462196 0.025769775328570988 0.018250680991510518
0 0.7498260574326124 0.6521510854088178 0.024931733854474062 0.023837624152178015
0 0.7841857578707095 0.6970328621328392 0.017389360587573132 0.025699938539063747
0 0.7908900896635125 0.5981439681890418 0.02786487901382335 0.03575643622826574
0 0.861115146135136 0.5384067804990876 0.011968229880160537 0.01433874884193278
0 0.5784958046715328 0.37489878967253204 0.0094965302309991 0.015726369697604017
0 0.4497722887321849 0.36772941525156816 0.015870913536739004 0.029140037969090673
0 0.40163919030109857 0.313843472023012 0.00598411494008122 0.02220193369073563
0 0.372173928693961 0.27753405963295547 0.0076752778579300095 0.022201933690735108
0 0.42199819004289635 0.3073679080298829 0.011317782604068486 0.02081431283506449
