0 0.3495475885563131 0.3432327352672431 0.034910357272420624 0.0263474394508835
0 0.2596369514301733 0.33445025545028206 0.044790647066502 0.05972086275533619
0 0.32912832298187866 0.38977987829713734 0.06125779672330452 0.029860431377668292
0 0.43089530786091607 0.3744105386174554 0.03688641523123706 0.041277655139717616
0 0.5632911911016061 0.45081811302501756 0.08035969032519512 0.08167706229773901
0 0.42727253493641953 0.3085419399902466 0.021736637546978906 0.048303638993286574
0 0.5120830948657681 0.22574093447877125 0.019222632181599836 0.02290356174828913
0 0.4507342687542797 0.2592782927530516 0.015132710440833742 0.01690500986183252
0 0.4711838774581092 0.28299983884949376 0.013496741744527436 0.041444540306427885
0 0.4482803157098202 0.2808185472544186 0.03476433479651024 0.03817260291381513
0 0.49551891181566626 0.28790774493841276 0.040081233059505623 0.03817260291381506
0 0.6188300522997582 0.3031767861039393 0.03640030349281678 0.052350998281803805
0 0.6574798127499955 0.30753936929408937 0.03926324871135248 0.043625831901502855
0 0.6490954731814256 0.3181731658200806 0.027402475663131434 0.02999275943228259
0 0.700628487115076 0.2756379797161154 0.009406820003762466 0.026720822039670536
0 0.7171926701651776 0.2816365316025717 0.032719373926127136 0.03326469682489599
0 0.7587053758339521 0.2990868643631732 0.0372182878409689 0.032174051027358076
0 0.873416922123296 0.36616158091173334 0.06339378698187145 0.059440195965797714
0 0.951329931284887 0.43296363601090904 0.05971285741518252 0.0719826226374797
