0 0.45482707813468515 0.572784833182776 0.025604262137439222 0.04056120734643849
0 0.49285321002197136 0.5446173280810824 0.02154814140279555 0.03830780693830313
0 0.4813186166828278 0.5777423140806739 0.013689407479423038 0.0324489658771509
0 0.49982466753464044 0.6038817588150452 0.02129463385688023 0.04596936832596359
0 0.5201052712078598 0.6050084590191132 0.029913890417998558 0.06624997199918305
0 0.53873807583263 0.5964455374681983 0.020027096127304116 0.05543365004013271
0 0.5867777557835681 0.5507015091830482 0.01875955839772775 0.04326528783620109
0 0.5578778955492307 0.5748128935500978 0.017238513122236298 0.05903909069314949
0 0.5370902767841809 0.5606164709788444 0.02484373949969367 0.02433672440786339
0 0.5202320249808173 0.5525042295095564 0.026618292321100308 0.0432652878362006
0 0.5155421353813855 0.48918367804094953 0.018759558397727933 0.037406446775048924
0 0.54139990506474 0.47904337620434 0.020787618765049757 0.027040804897625656
0 0.5907071227452542 0.44546771012312125 0.032195458331235265 0.03920916710155765
0 0.6065513443649571 0.4979719396326781 0.020787618765049844 0.03785712685667605
0 0.6434366922956245 0.4986479597551188 0.02813933759659195 0.035603726448540624
0 0.6277192244488796 0.5099149617957961 0.026111277229269945 0.031096925632269574
0 0.6869132364200888 0.43960886906196905 0.02078761876504971 0.027491484979252676
0 0.6931241712950107 0.5171258431018289 0.022055156494626263 0.03740644677504856
0 0.6989548448510624 0.5714327929378946 0.017999035759981966 0.03875848701993021
0 0.7355866852358147 0.5696300726113862 0.03295598096898132 0.03875848701993021
0 0.7691764350695839 0.5498001490197937 0.018506050851812558 0.02073128375484593
0 0.7295025041338488 0.5146471026528804 0.02382970931603253 0.02253400408135453
0 0.7577685955033983 0.45425597171484955 0.018506050851812474 0.02613944473437109
0 0.5463170383077737 0.5370230184043294 0.01889783524095434 0.030728187383665624
0 0.5239622819861576 0.5069093947683372 0.025350754591524166 0.03359615153947438
