0 0.16654879773691644 0.8253182461103247 0.10183875530410176 0.08628005657708618
0 0.3128758434792418 0.7795597565942746 0.05928173876448795 0.08606830220621944
0 0.05829370978507978 0.7286213736558999 0.08101837631146681 0.052694878901767196
0 0.11658741957015961 0.6978826942965363 0.05928173876448795 0.04391239908480623
0 0.11395267562507122 0.7259866297108118 0.032934299313604365 0.03688641523123608
0 0.217037032476653 0.7141302819579145 0.07311414447620175 0.07289458248077844
0 0.1211982214740643 0.6017145403008114 0.0342516712861487 0.04830363899328594
0 0.261498336550019 0.5617542571336376 0.021077951560706895 0.02107795156070693
0 0.27039059736469223 0.565267249060423 0.02041926557443452 0.031616927341060294
0 0.345151456806574 0.6267446077791505 0.03293429931360468 0.061477358718728704
0 0.26643848144705967 0.593810308465546 0.045449333052774016 0.03600816724954022
0 0.491379745758978 0.5775627208041678 0.03952115917632548 0.03864291119462955
0 0.47655931106785565 0.5902973165387618 0.03491035727242044 0.058842614773639286
0 0.44560106971306757 0.5657063730512705 0.029640869382243914 0.046547143029894676
0 0.4535053015483321 0.6987609422782325 0.049401448970406575 0.061477358718729086
0 0.4745832531090393 0.7949290962739568 0.04544933305277416 0.10099851789505337
0 0.5493441125509214 0.7663860368688331 0.046108019039046134 0.07728582238925866
