0 0.6373762911789086 0.5686234335810638 0.0378583605933996 0.06268486721347162
0 0.619931752474107 0.47558589382212135 0.027465869450113554 0.044209327403185374
0 0.5603605085991992 0.39706484962840405 0.021898463480495706 0.03365187608302172
0 0.6834001805277471 0.41224118590113934 0.028950511042011174 0.028373150422940065
0 0.6473976219242207 0.43995449561656896 0.03191979422580729 0.031012513252980795
0 0.7580034205206225 0.4396245752628139 0.017073378306827033 0.03827076103559354
0 0.7800874642001051 0.45513083188930414 0.03600255860352686 0.03893060174310344
0 0.8760324270765154 0.41949943368375187 0.019300340694674106 0.04156996457314456
0 0.8457828546415933 0.4495221858754674 0.043425766563017165 0.04091012386563435
0 0.705113063809256 0.5366211592668177 0.021898463480495706 0.03959044245061385
0 0.739630980820885 0.5036291238913063 0.034517917011628936 0.040910123865634314
0 0.7227431827130435 0.49175199115612167 0.026723548654164424 0.04750853094073601
