0 0.17874823196605377 0.30693069306930687 0.07743988684582746 0.07355021216407356
0 0.32779349363507765 0.3903818953323903 0.07001414427157003 0.0396039603960396
0 0.3506011315417256 0.340876944837341 0.035007072135785085 0.02828854314002833
0 0.4319794435169606 0.37779179334698554 0.035068441909125954 0.047820602603353635
0 0.5587040404158472 0.45217939739664614 0.08448306459925807 0.0839517245703317
0 0.4271973832566255 0.30871758958658563 0.022316281214898412 0.047820602603353635
0 0.5120789528775782 0.22795390518981062 0.02311329125828756 0.02656700144630757
0 0.44154356403763145 0.28002522802457347 0.03666246199590453 0.03931916214053516
0 0.4981312771182663 0.2885266684873918 0.04303854234301821 0.03931916214053513
0 0.6499616903839138 0.30659222947088094 0.042241532299629236 0.045695242487648856
0 0.4738224707948951 0.28055656805349966 0.026301331431844342 0.04038184219838745
0 0.7053538883994654 0.33209655085933626 0.019128241041341816 0.03294308179342133
0 0.7292641897011417 0.33900397123537623 0.035068441909125704 0.03400576185127347
0 0.7026032771981527 0.27868150861257845 0.013832405711714173 0.030738679359364075
0 0.7187410838618183 0.28219450053936296 0.034251671286148755 0.034251671286148595
0 0.7585915860312799 0.29975946017328536 0.04017984516259745 0.03425167128614882
0 0.7875737694272515 0.3454283552214838 0.05862305277821569 0.053573126883462656
0 0.8257775566310329 0.35508908302014064 0.02832349740969926 0.03776466321293295
0 0.8583825129515006 0.3954884901781625 0.0645512266546645 0.06762509459060076
0 0.9657483287138509 0.4442312531622969 0.06850334257229687 0.06499035064551201
