0 0.1881695219196516 0.3098593119627906 0.055988308833127505 0.06850334257229715
0 0.32978700896815055 0.39109725026968173 0.06257516869584841 0.03425167128614922
0 0.348230216583769 0.34323273526724307 0.037545101217508974 0.03161692734106026
0 0.4312246508540521 0.37660615857169555 0.03622772924496495 0.04566889504819813
0 0.4276018779295556 0.30985931196279065 0.021077951560706795 0.050938382938374854
0 0.5138897421311991 0.22686487769250757 0.018443207615618462 0.028982183395971858
0 0.5623031621221977 0.44950074105247334 0.08497049222909922 0.0878247981696118
0 0.923921768585574 0.43413140137279144 0.08497049222909914 0.06938159055399282
0 0.8257775566310334 0.3572847029743808 0.040179845162596504 0.040399407158021414
0 0.7589209290244162 0.3006377081549815 0.04083853114886965 0.03600816724954081
0 0.4505297726672414 0.281048646251554 0.036809295666893005 0.038172602913814975
0 0.4981773609471641 0.2875925210367794 0.04294417827804182 0.039263248711352575
0 0.6605364955164315 0.31867592626660024 0.02208557740013625 0.023994207545826585
0 0.6773051746535711 0.3271284311975164 0.026993483489055024 0.03217405102735832
0 0.6501071950774784 0.3055881766961493 0.040490225233582616 0.0425351861039654
0 0.7065481151000473 0.3279464155456695 0.0421261939298887 0.05235099828180346
0 0.7006177285759366 0.27777670885894135 0.014723718266757118 0.028356790735976852
0 0.7182043920612305 0.282411953498476 0.03353735827427991 0.03108340522982075
